2025-04-09 15:22:52.530803 - Received CBT.V508.FILE038.PDS from FILE038.XMI 
2025-04-09 15:22:52.556046 - Found $$$#DATE.txt (text/plain) in CBT.V508.FILE038.PDS, moved to PDS/$$$#DATE
2025-04-09 15:22:52.556959 - Found ###NEW##.txt (text/plain) in CBT.V508.FILE038.PDS, moved to PDS/###NEW##
2025-04-09 15:22:52.557563 - Found ##DOC.txt (text/plain) in CBT.V508.FILE038.PDS, moved to PDS/##DOC
2025-04-09 15:22:52.558234 - Found #GETFORT.jcl (text/plain) in CBT.V508.FILE038.PDS, moved to PDS/#GETFORT
2025-04-09 15:22:52.559122 - Found #GRAFICS.txt (text/plain) in CBT.V508.FILE038.PDS, moved to PDS/#GRAFICS
2025-04-09 15:22:52.559801 - Found #JCLFULL.jcl (text/plain) in CBT.V508.FILE038.PDS, moved to PDS/#JCLFULL
2025-04-09 15:22:52.560418 - Found #JCLPROG.txt (text/plain) in CBT.V508.FILE038.PDS, moved to PDS/#JCLPROG
2025-04-09 15:22:52.561105 - Found #KLHELP.txt (text/plain) in CBT.V508.FILE038.PDS, moved to PDS/#KLHELP
2025-04-09 15:22:52.561735 - Found #KLHERC.txt (text/plain) in CBT.V508.FILE038.PDS, moved to PDS/#KLHERC
2025-04-09 15:22:52.562337 - Found #KLSEQ.txt (text/plain) in CBT.V508.FILE038.PDS, moved to PDS/#KLSEQ
2025-04-09 15:22:52.562896 - Found #KL3270.txt (text/plain) in CBT.V508.FILE038.PDS, moved to PDS/#KL3270
2025-04-09 15:22:52.563436 - Found #LINK.txt (text/plain) in CBT.V508.FILE038.PDS, moved to PDS/#LINK
2025-04-09 15:22:52.563946 - Found #LNKINIT.txt (text/plain) in CBT.V508.FILE038.PDS, moved to PDS/#LNKINIT
2025-04-09 15:22:52.564582 - Found #MEMLIST.txt (text/plain) in CBT.V508.FILE038.PDS, moved to PDS/#MEMLIST
2025-04-09 15:22:52.565250 - Found #RULES.txt (text/plain) in CBT.V508.FILE038.PDS, moved to PDS/#RULES
2025-04-09 15:22:52.565972 - Found #SRULES.t (text/troff) in CBT.V508.FILE038.PDS, moved to PDS/#SRULES
2025-04-09 15:22:52.566555 - Found @FILE038.txt (text/plain) in CBT.V508.FILE038.PDS, moved to PDS/@FILE038
2025-04-09 15:22:52.567161 - Found ABANMS.txt (text/plain) in CBT.V508.FILE038.PDS, moved to PDS/ABANMS
2025-04-09 15:22:52.567725 - Found ABSORB.txt (text/plain) in CBT.V508.FILE038.PDS, moved to PDS/ABSORB
2025-04-09 15:22:52.568280 - Found ADDQUE.txt (text/plain) in CBT.V508.FILE038.PDS, moved to PDS/ADDQUE
2025-04-09 15:22:52.568999 - Found APDEV.txt (text/plain) in CBT.V508.FILE038.PDS, moved to PDS/APDEV
2025-04-09 15:22:52.569635 - Found AROUND.txt (text/plain) in CBT.V508.FILE038.PDS, moved to PDS/AROUND
2025-04-09 15:22:52.570212 - Found BATTCK.txt (text/plain) in CBT.V508.FILE038.PDS, moved to PDS/BATTCK
2025-04-09 15:22:52.570782 - Found BATTLE.txt (text/plain) in CBT.V508.FILE038.PDS, moved to PDS/BATTLE
2025-04-09 15:22:52.571315 - Found BEEP.txt (text/plain) in CBT.V508.FILE038.PDS, moved to PDS/BEEP
2025-04-09 15:22:52.571837 - Found BEEP2.txt (text/plain) in CBT.V508.FILE038.PDS, moved to PDS/BEEP2
2025-04-09 15:22:52.572357 - Found BLOCKD.txt (text/plain) in CBT.V508.FILE038.PDS, moved to PDS/BLOCKD
2025-04-09 15:22:52.572989 - Found BRIDGE.txt (text/plain) in CBT.V508.FILE038.PDS, moved to PDS/BRIDGE
2025-04-09 15:22:52.573588 - Found BSTAT.txt (text/plain) in CBT.V508.FILE038.PDS, moved to PDS/BSTAT
2025-04-09 15:22:52.574193 - Found CBTCLIST.txt (text/plain) in CBT.V508.FILE038.PDS, moved to PDS/CBTCLIST
2025-04-09 15:22:52.574831 - Found CBTJCL.jcl (text/plain) in CBT.V508.FILE038.PDS, moved to PDS/CBTJCL
2025-04-09 15:22:52.575465 - Found CERT.txt (text/plain) in CBT.V508.FILE038.PDS, moved to PDS/CERT
2025-04-09 15:22:52.576082 - Found COMOVE.txt (text/plain) in CBT.V508.FILE038.PDS, moved to PDS/COMOVE
2025-04-09 15:22:52.576796 - Found COPVEC.txt (text/plain) in CBT.V508.FILE038.PDS, moved to PDS/COPVEC
2025-04-09 15:22:52.577427 - Found CORAND.txt (text/plain) in CBT.V508.FILE038.PDS, moved to PDS/CORAND
2025-04-09 15:22:52.578038 - Found CPAGE.txt (text/plain) in CBT.V508.FILE038.PDS, moved to PDS/CPAGE
2025-04-09 15:22:52.578695 - Found DAMAGE.txt (text/plain) in CBT.V508.FILE038.PDS, moved to PDS/DAMAGE
2025-04-09 15:22:52.579293 - Found DAMAGR.txt (text/plain) in CBT.V508.FILE038.PDS, moved to PDS/DAMAGR
2025-04-09 15:22:52.579957 - Found DBUGCH.txt (text/plain) in CBT.V508.FILE038.PDS, moved to PDS/DBUGCH
2025-04-09 15:22:52.580572 - Found DBUGIA.txt (text/plain) in CBT.V508.FILE038.PDS, moved to PDS/DBUGIA
2025-04-09 15:22:52.581226 - Found DBUGIN.txt (text/plain) in CBT.V508.FILE038.PDS, moved to PDS/DBUGIN
2025-04-09 15:22:52.581840 - Found DBUGRA.txt (text/plain) in CBT.V508.FILE038.PDS, moved to PDS/DBUGRA
2025-04-09 15:22:52.582434 - Found DBUGRN.txt (text/plain) in CBT.V508.FILE038.PDS, moved to PDS/DBUGRN
2025-04-09 15:22:52.582997 - Found DEATHR.txt (text/plain) in CBT.V508.FILE038.PDS, moved to PDS/DEATHR
2025-04-09 15:22:52.583531 - Found DEBUGX.txt (text/plain) in CBT.V508.FILE038.PDS, moved to PDS/DEBUGX
2025-04-09 15:22:52.584376 - Found DESMSG.txt (text/plain) in CBT.V508.FILE038.PDS, moved to PDS/DESMSG
2025-04-09 15:22:52.585020 - Found DISPIN.txt (text/plain) in CBT.V508.FILE038.PDS, moved to PDS/DISPIN
2025-04-09 15:22:52.585636 - Found DIST.txt (text/plain) in CBT.V508.FILE038.PDS, moved to PDS/DIST
2025-04-09 15:22:52.586252 - Found DOCK.txt (text/plain) in CBT.V508.FILE038.PDS, moved to PDS/DOCK
2025-04-09 15:22:52.586891 - Found DRAGIN.txt (text/plain) in CBT.V508.FILE038.PDS, moved to PDS/DRAGIN
2025-04-09 15:22:52.587528 - Found EMPLAC.txt (text/plain) in CBT.V508.FILE038.PDS, moved to PDS/EMPLAC
2025-04-09 15:22:52.588082 - Found ENGUSE.txt (text/plain) in CBT.V508.FILE038.PDS, moved to PDS/ENGUSE
2025-04-09 15:22:52.588753 - Found ENGYST.txt (text/plain) in CBT.V508.FILE038.PDS, moved to PDS/ENGYST
2025-04-09 15:22:52.589414 - Found ESCAPE.txt (text/plain) in CBT.V508.FILE038.PDS, moved to PDS/ESCAPE
2025-04-09 15:22:52.590043 - Found FREEZE.txt (text/plain) in CBT.V508.FILE038.PDS, moved to PDS/FREEZE
2025-04-09 15:22:52.590722 - Found FSIO1.txt (text/plain) in CBT.V508.FILE038.PDS, moved to PDS/FSIO1
2025-04-09 15:22:52.591327 - Found FSIO2.txt (text/plain) in CBT.V508.FILE038.PDS, moved to PDS/FSIO2
2025-04-09 15:22:52.591882 - Found GAINIT.txt (text/plain) in CBT.V508.FILE038.PDS, moved to PDS/GAINIT
2025-04-09 15:22:52.592452 - Found GRAFIC.txt (text/plain) in CBT.V508.FILE038.PDS, moved to PDS/GRAFIC
2025-04-09 15:22:52.593039 - Found HELP.txt (text/plain) in CBT.V508.FILE038.PDS, moved to PDS/HELP
2025-04-09 15:22:52.593648 - Found HELPRT.txt (text/plain) in CBT.V508.FILE038.PDS, moved to PDS/HELPRT
2025-04-09 15:22:52.594285 - Found ICROG.txt (text/plain) in CBT.V508.FILE038.PDS, moved to PDS/ICROG
2025-04-09 15:22:52.594906 - Found IDENT.txt (text/plain) in CBT.V508.FILE038.PDS, moved to PDS/IDENT
2025-04-09 15:22:52.595463 - Found IFEDST.txt (text/plain) in CBT.V508.FILE038.PDS, moved to PDS/IFEDST
2025-04-09 15:22:52.596049 - Found IFWIN.txt (text/plain) in CBT.V508.FILE038.PDS, moved to PDS/IFWIN
2025-04-09 15:22:52.596688 - Found INITCH.txt (text/plain) in CBT.V508.FILE038.PDS, moved to PDS/INITCH
2025-04-09 15:22:52.597248 - Found INITCT.txt (text/plain) in CBT.V508.FILE038.PDS, moved to PDS/INITCT
2025-04-09 15:22:52.597794 - Found INITDM.txt (text/plain) in CBT.V508.FILE038.PDS, moved to PDS/INITDM
2025-04-09 15:22:52.598300 - Found INITGR.txt (text/plain) in CBT.V508.FILE038.PDS, moved to PDS/INITGR
2025-04-09 15:22:52.598933 - Found INITKL.txt (text/plain) in CBT.V508.FILE038.PDS, moved to PDS/INITKL
2025-04-09 15:22:52.599535 - Found INTERC.txt (text/plain) in CBT.V508.FILE038.PDS, moved to PDS/INTERC
2025-04-09 15:22:52.600170 - Found INTRO.txt (text/plain) in CBT.V508.FILE038.PDS, moved to PDS/INTRO
2025-04-09 15:22:52.600822 - Found IN3270.txt (text/plain) in CBT.V508.FILE038.PDS, moved to PDS/IN3270
2025-04-09 15:22:52.601410 - Found ISBSET.txt (text/plain) in CBT.V508.FILE038.PDS, moved to PDS/ISBSET
2025-04-09 15:22:52.601984 - Found ISGN.txt (text/plain) in CBT.V508.FILE038.PDS, moved to PDS/ISGN
2025-04-09 15:22:52.602536 - Found ITERPT.txt (text/plain) in CBT.V508.FILE038.PDS, moved to PDS/ITERPT
2025-04-09 15:22:52.614916 - Found IW.txt (text/plain) in CBT.V508.FILE038.PDS, moved to PDS/IW
2025-04-09 15:22:52.615566 - Found IWI.txt (text/plain) in CBT.V508.FILE038.PDS, moved to PDS/IWI
2025-04-09 15:22:52.616194 - Found IWV.txt (text/plain) in CBT.V508.FILE038.PDS, moved to PDS/IWV
2025-04-09 15:22:52.616773 - Found JULIAN.txt (text/plain) in CBT.V508.FILE038.PDS, moved to PDS/JULIAN
2025-04-09 15:22:52.617325 - Found KILLER.txt (text/plain) in CBT.V508.FILE038.PDS, moved to PDS/KILLER
2025-04-09 15:22:52.617905 - Found KL.x-fortran (text/x-fortran) in CBT.V508.FILE038.PDS, moved to PDS/KL
2025-04-09 15:22:52.618556 - Found LINEF.txt (text/plain) in CBT.V508.FILE038.PDS, moved to PDS/LINEF
2025-04-09 15:22:52.619142 - Found LOCATE.txt (text/plain) in CBT.V508.FILE038.PDS, moved to PDS/LOCATE
2025-04-09 15:22:52.619735 - Found LONINT.txt (text/plain) in CBT.V508.FILE038.PDS, moved to PDS/LONINT
2025-04-09 15:22:52.620353 - Found LRSCAN.txt (text/plain) in CBT.V508.FILE038.PDS, moved to PDS/LRSCAN
2025-04-09 15:22:52.620901 - Found MAININ.txt (text/plain) in CBT.V508.FILE038.PDS, moved to PDS/MAININ
2025-04-09 15:22:52.621517 - Found MEMLPG.txt (text/plain) in CBT.V508.FILE038.PDS, moved to PDS/MEMLPG
2025-04-09 15:22:52.622122 - Found M2FAST.txt (text/plain) in CBT.V508.FILE038.PDS, moved to PDS/M2FAST
2025-04-09 15:22:52.622701 - Found NOVKIL.txt (text/plain) in CBT.V508.FILE038.PDS, moved to PDS/NOVKIL
2025-04-09 15:22:52.623293 - Found NUMREC.txt (text/plain) in CBT.V508.FILE038.PDS, moved to PDS/NUMREC
2025-04-09 15:22:52.623937 - Found OLDNEW.txt (text/plain) in CBT.V508.FILE038.PDS, moved to PDS/OLDNEW
2025-04-09 15:22:52.624545 - Found ORBIT.txt (text/plain) in CBT.V508.FILE038.PDS, moved to PDS/ORBIT
2025-04-09 15:22:52.625121 - Found PERHIT.txt (text/plain) in CBT.V508.FILE038.PDS, moved to PDS/PERHIT
2025-04-09 15:22:52.625772 - Found PHASER.txt (text/plain) in CBT.V508.FILE038.PDS, moved to PDS/PHASER
2025-04-09 15:22:52.626398 - Found PHOTON.txt (text/plain) in CBT.V508.FILE038.PDS, moved to PDS/PHOTON
2025-04-09 15:22:52.626971 - Found PLACE.txt (text/plain) in CBT.V508.FILE038.PDS, moved to PDS/PLACE
2025-04-09 15:22:52.627519 - Found PLAGAN.txt (text/plain) in CBT.V508.FILE038.PDS, moved to PDS/PLAGAN
2025-04-09 15:22:52.628096 - Found PLANET.txt (text/plain) in CBT.V508.FILE038.PDS, moved to PDS/PLANET
2025-04-09 15:22:52.628771 - Found PRCHRT.txt (text/plain) in CBT.V508.FILE038.PDS, moved to PDS/PRCHRT
2025-04-09 15:22:52.629388 - Found PRHIT.txt (text/plain) in CBT.V508.FILE038.PDS, moved to PDS/PRHIT
2025-04-09 15:22:52.630010 - Found PRMIM.txt (text/plain) in CBT.V508.FILE038.PDS, moved to PDS/PRMIM
2025-04-09 15:22:52.630616 - Found PRMRM.txt (text/plain) in CBT.V508.FILE038.PDS, moved to PDS/PRMRM
2025-04-09 15:22:52.631165 - Found PRMSG.txt (text/plain) in CBT.V508.FILE038.PDS, moved to PDS/PRMSG
2025-04-09 15:22:52.631707 - Found PRMSGC.txt (text/plain) in CBT.V508.FILE038.PDS, moved to PDS/PRMSGC
2025-04-09 15:22:52.632312 - Found PRMSG1.txt (text/plain) in CBT.V508.FILE038.PDS, moved to PDS/PRMSG1
2025-04-09 15:22:52.632900 - Found PRMSM.txt (text/plain) in CBT.V508.FILE038.PDS, moved to PDS/PRMSM
2025-04-09 15:22:52.633505 - Found PROMOT.txt (text/plain) in CBT.V508.FILE038.PDS, moved to PDS/PROMOT
2025-04-09 15:22:52.634120 - Found PRSC.txt (text/plain) in CBT.V508.FILE038.PDS, moved to PDS/PRSC
2025-04-09 15:22:52.634803 - Found PRTEND.txt (text/plain) in CBT.V508.FILE038.PDS, moved to PDS/PRTEND
2025-04-09 15:22:52.635385 - Found RAND.txt (text/plain) in CBT.V508.FILE038.PDS, moved to PDS/RAND
2025-04-09 15:22:52.635968 - Found RANDF.txt (text/plain) in CBT.V508.FILE038.PDS, moved to PDS/RANDF
2025-04-09 15:22:52.636556 - Found RANSET.txt (text/plain) in CBT.V508.FILE038.PDS, moved to PDS/RANSET
2025-04-09 15:22:52.637169 - Found READIN.txt (text/plain) in CBT.V508.FILE038.PDS, moved to PDS/READIN
2025-04-09 15:22:52.637794 - Found REPAIR.txt (text/plain) in CBT.V508.FILE038.PDS, moved to PDS/REPAIR
2025-04-09 15:22:52.638429 - Found RESORT.txt (text/plain) in CBT.V508.FILE038.PDS, moved to PDS/RESORT
2025-04-09 15:22:52.639086 - Found SCAN.txt (text/plain) in CBT.V508.FILE038.PDS, moved to PDS/SCAN
2025-04-09 15:22:52.639745 - Found SCORE.txt (text/plain) in CBT.V508.FILE038.PDS, moved to PDS/SCORE
2025-04-09 15:22:52.640341 - Found SECSET.txt (text/plain) in CBT.V508.FILE038.PDS, moved to PDS/SECSET
2025-04-09 15:22:52.640919 - Found SENDEC.txt (text/plain) in CBT.V508.FILE038.PDS, moved to PDS/SENDEC
2025-04-09 15:22:52.641476 - Found SETFED.txt (text/plain) in CBT.V508.FILE038.PDS, moved to PDS/SETFED
2025-04-09 15:22:52.641990 - Found SETFOR.txt (text/plain) in CBT.V508.FILE038.PDS, moved to PDS/SETFOR
2025-04-09 15:22:52.642606 - Found SHECON.txt (text/plain) in CBT.V508.FILE038.PDS, moved to PDS/SHECON
2025-04-09 15:22:52.643253 - Found SHIFT.txt (text/plain) in CBT.V508.FILE038.PDS, moved to PDS/SHIFT
2025-04-09 15:22:52.643882 - Found SHIFTAB.txt (text/plain) in CBT.V508.FILE038.PDS, moved to PDS/SHIFTAB
2025-04-09 15:22:52.644435 - Found SHIFTC.txt (text/plain) in CBT.V508.FILE038.PDS, moved to PDS/SHIFTC
2025-04-09 15:22:52.644986 - Found SHIP.txt (text/plain) in CBT.V508.FILE038.PDS, moved to PDS/SHIP
2025-04-09 15:22:52.645514 - Found SRS.txt (text/plain) in CBT.V508.FILE038.PDS, moved to PDS/SRS
2025-04-09 15:22:52.646100 - Found SRSCAN.txt (text/plain) in CBT.V508.FILE038.PDS, moved to PDS/SRSCAN
2025-04-09 15:22:52.646724 - Found SR3270.txt (text/plain) in CBT.V508.FILE038.PDS, moved to PDS/SR3270
2025-04-09 15:22:52.647264 - Found SSDEST.txt (text/plain) in CBT.V508.FILE038.PDS, moved to PDS/SSDEST
2025-04-09 15:22:52.647905 - Found SSFIND.txt (text/plain) in CBT.V508.FILE038.PDS, moved to PDS/SSFIND
2025-04-09 15:22:52.648562 - Found SSINIT.txt (text/plain) in CBT.V508.FILE038.PDS, moved to PDS/SSINIT
2025-04-09 15:22:52.649211 - Found SSMOVI.txt (text/plain) in CBT.V508.FILE038.PDS, moved to PDS/SSMOVI
2025-04-09 15:22:52.649766 - Found SSMOVO.txt (text/plain) in CBT.V508.FILE038.PDS, moved to PDS/SSMOVO
2025-04-09 15:22:52.650295 - Found SSPRNT.txt (text/plain) in CBT.V508.FILE038.PDS, moved to PDS/SSPRNT
2025-04-09 15:22:52.650852 - Found SSTART.txt (text/plain) in CBT.V508.FILE038.PDS, moved to PDS/SSTART
2025-04-09 15:22:52.651369 - Found STARTM.txt (text/plain) in CBT.V508.FILE038.PDS, moved to PDS/STARTM
2025-04-09 15:22:52.651998 - Found STAX.txt (text/plain) in CBT.V508.FILE038.PDS, moved to PDS/STAX
2025-04-09 15:22:52.652619 - Found STIMER.txt (text/plain) in CBT.V508.FILE038.PDS, moved to PDS/STIMER
2025-04-09 15:22:52.653162 - Found SZTERM.txt (text/plain) in CBT.V508.FILE038.PDS, moved to PDS/SZTERM
2025-04-09 15:22:52.653734 - Found TARSET.txt (text/plain) in CBT.V508.FILE038.PDS, moved to PDS/TARSET
2025-04-09 15:22:52.654334 - Found TIME.txt (text/plain) in CBT.V508.FILE038.PDS, moved to PDS/TIME
2025-04-09 15:22:52.654968 - Found TIMMSG.txt (text/plain) in CBT.V508.FILE038.PDS, moved to PDS/TIMMSG
2025-04-09 15:22:52.655527 - Found TIMUSE.txt (text/plain) in CBT.V508.FILE038.PDS, moved to PDS/TIMUSE
2025-04-09 15:22:52.656048 - Found TRACK.txt (text/plain) in CBT.V508.FILE038.PDS, moved to PDS/TRACK
2025-04-09 15:22:52.656583 - Found TSMSG.txt (text/plain) in CBT.V508.FILE038.PDS, moved to PDS/TSMSG
2025-04-09 15:22:52.657123 - Found XCHEAD.txt (text/plain) in CBT.V508.FILE038.PDS, moved to PDS/XCHEAD
2025-04-09 15:22:52.657757 - Found XDEBUG.txt (text/plain) in CBT.V508.FILE038.PDS, moved to PDS/XDEBUG
2025-04-09 15:22:52.658360 - Found XFILLB.txt (text/plain) in CBT.V508.FILE038.PDS, moved to PDS/XFILLB
2025-04-09 15:22:52.658981 - Found YESNO.txt (text/plain) in CBT.V508.FILE038.PDS, moved to PDS/YESNO
